01sc03bc00

(0, 0.510636),(1, 0.441307),(2, 0.530098),(3, 0.529946),(4, 0.538235),(5, 0.53415),(6, 0.54872),(7, 0.535991),(8, 0.541461),(9, 0.555528)
(0, 0.451218),(1, 0.524052),(2, 0.522026),(3, 0.539515),(4, 0.546688),(5, 0.54187),(6, 0.539037),(7, 0.543404),(8, 0.547209),(9, 0.560619)
(0, 0.449771),(1, 0.530105),(2, 0.522986),(3, 0.533884),(4, 0.53168),(5, 0.524777),(6, 0.535148),(7, 0.534727),(8, 0.53349),(9, 0.544702)
(0, 0.43951),(1, 0.531937),(2, 0.507589),(3, 0.523077),(4, 0.530583),(5, 0.5346),(6, 0.539728),(7, 0.544593),(8, 0.541895),(9, 0.550944)
(0, 0.505062),(1, 0.461438),(2, 0.516928),(3, 0.513814),(4, 0.52956),(5, 0.528296),(6, 0.530673),(7, 0.541919),(8, 0.547621),(9, 0.554177)
(0, 0.509934),(1, 0.510621),(2, 0.453605),(3, 0.521776),(4, 0.536846),(5, 0.531553),(6, 0.532373),(7, 0.538434),(8, 0.54555),(9, 0.564568)
(0, 0.51996),(1, 0.530892),(2, 0.513072),(3, 0.456447),(4, 0.523077),(5, 0.527089),(6, 0.524896),(7, 0.540032),(8, 0.535264),(9, 0.537287)


02sc03bc00

(0, 0.680897),(1, 0.67634),(2, 0.665),(3, 0.658562),(4, 0.65641),(5, 0.662443),(6, 0.658522),(7, 0.661703),(8, 0.66921),(9, 0.62271)
(0, 0.660266),(1, 0.659863),(2, 0.64994),(3, 0.652157),(4, 0.65768),(5, 0.658595),(6, 0.658889),(7, 0.667676),(8, 0.627014),(9, 0.669815)
(0, 0.651158),(1, 0.660229),(2, 0.652109),(3, 0.652418),(4, 0.657617),(5, 0.658914),(6, 0.658726),(7, 0.627203),(8, 0.663861),(9, 0.670707)
(0, 0.648699),(1, 0.660001),(2, 0.649305),(3, 0.653262),(4, 0.653268),(5, 0.660523),(6, 0.61533),(7, 0.665312),(8, 0.661498),(9, 0.664074)
(0, 0.646475),(1, 0.656221),(2, 0.657041),(3, 0.657255),(4, 0.655523),(5, 0.616045),(6, 0.65866),(7, 0.661503),(8, 0.662956),(9, 0.666757)
(0, 0.658823),(1, 0.660249),(2, 0.663577),(3, 0.664771),(4, 0.615751),(5, 0.673232),(6, 0.65781),(7, 0.668152),(8, 0.66),(9, 0.666904)
(0, 0.66439),(1, 0.669994),(2, 0.666013),(3, 0.622059),(4, 0.658464),(5, 0.668572),(6, 0.655458),(7, 0.667873),(8, 0.664374),(9, 0.674427)


02sc02bc00em

(0, 0.692173),(1, 0.697647),(2, 0.693372),(3, 0.693048),(4, 0.695044),(5, 0.695936),(6, 0.700956),(7, 0.695069),(8, 0.705558),(9, 0.698609)
(0, 0.68871),(1, 0.69232),(2, 0.695276),(3, 0.696405),(4, 0.69513),(5, 0.696702),(6, 0.700029),(7, 0.701396),(8, 0.704302),(9, 0.704313)
(0, 0.691586),(1, 0.700321),(2, 0.693832),(3, 0.693797),(4, 0.695722),(5, 0.701377),(6, 0.695647),(7, 0.704715),(8, 0.702079),(9, 0.707765)
(0, 0.698006),(1, 0.699248),(2, 0.693104),(3, 0.697745),(4, 0.697549),(5, 0.704934),(6, 0.704085),(7, 0.707614),(8, 0.705347),(9, 0.710648)
(0, 0.695686),(1, 0.701307),(2, 0.698562),(3, 0.701742),(4, 0.706981),(5, 0.711634),(6, 0.708288),(7, 0.712418),(8, 0.70561),(9, 0.712609)
(0, 0.697745),(1, 0.701438),(2, 0.702643),(3, 0.710838),(4, 0.716666),(5, 0.71527),(6, 0.714675),(7, 0.713823),(8, 0.713725),(9, 0.720686)
(0, 0.703351),(1, 0.708806),(2, 0.704521),(3, 0.710457),(4, 0.712124),(5, 0.718745),(6, 0.715555),(7, 0.71745),(8, 0.718688),(9, 0.717427)



03sc03bc00

(0, 0.671509),(1, 0.613398),(2, 0.665508),(3, 0.65303),(4, 0.64634),(5, 0.649281),(6, 0.648922),(7, 0.663861),(8, 0.660276),(9, 0.65997)
(0, 0.654753),(1, 0.655359),(2, 0.595335),(3, 0.65372),(4, 0.655807),(5, 0.653092),(6, 0.649864),(7, 0.658889),(8, 0.657677),(9, 0.669085)
(0, 0.642489),(1, 0.655907),(2, 0.645312),(3, 0.603624),(4, 0.658628),(5, 0.651307),(6, 0.657745),(7, 0.666035),(8, 0.654902),(9, 0.661056)
(0, 0.644809),(1, 0.657496),(2, 0.647059),(3, 0.652124),(4, 0.617023),(5, 0.663203),(6, 0.660072),(7, 0.668449),(8, 0.656043),(9, 0.662745)
(0, 0.645523),(1, 0.655774),(2, 0.659095),(3, 0.653954),(4, 0.660279),(5, 0.612712),(6, 0.664281),(7, 0.669),(8, 0.664275),(9, 0.657765)
(0, 0.652115),(1, 0.658823),(2, 0.656078),(3, 0.667171),(4, 0.66971),(5, 0.678678),(6, 0.629019),(7, 0.668915),(8, 0.666997),(9, 0.676343)
(0, 0.658768),(1, 0.666878),(2, 0.66006),(3, 0.656773),(4, 0.656209),(5, 0.667617),(6, 0.660163),(7, 0.620874),(8, 0.666399),(9, 0.673796)


03sc03bc00 (bookletcode)
